180934
168915
134470
79756
78661
73508
70286
55002
53339
47202
47035
45696
44065
42145
37690
36319
35244
29496
27659
26085
23731
20547
19896
19169
18498
16982
16405
14827
13432
11947
10494
9508
8814
7969
3956
3845
3805
2974
2466
2427
2272
2051
2041
1936
1872
1608
1596
1533
1451
1441
1236
1106
1101
1070
1067
1036
1032
974
877
853
852
840
825
825
803
779
751
706
692
687
681
681
677
592
581
580
575
562
561
559
544
543
520
520
513
491
480
452
449
412
404
398
397
391
380
370
311
298
296
295
286
225
225
219
204
169
168
166
165
155
148
122
121
86
82
77
68
66
57
52
48
46
46
45
43
41
36
36
36
34
31
31
31
31
29
28
27
26
25
23
22
22
22
22
21
