599928
264467
197828
189169
183168
129639
113182
108712
105309
84649
72239
62167
60409
56572
45431
42683
40609
40481
38225
35817
29223
28717
25720
11224
8426
6163
5450
5161
4251
3883
3387
3066
2755
2410
2338
2146
2136
1968
1945
1677
1571
1476
1373
1340
1301
1270
1232
1045
1040
1033
974
924
894
872
827
814
810
771
745
728
724
721
695
685
674
669
663
631
550
542
534
524
518
507
502
492
485
459
421
419
409
385
321
314
283
264
256
238
237
235
230
210
204
160
152
141
133
132
122
116
112
103
95
95
95
93
90
83
73
66
53
52
51
51
50
42
42
36
33
32
31
29
28
28
28
27
27
26
24
23
23
