29
23
4145
15038
15038
33
33
30
608
545
1068
583
583
3976
43786
76
36
31
270
270
40
1025
120
1874
615
615
107
2371
646
646
125
10494
33147
40
35
787
21082
2147
663
1306
1559
2974
522
522
197
49
49
45
20261
20261
1940
61256
513
513
1608
1086
822
842
842
35
35
86
60249
23624
13130
577
59991
59991
183
473
473
781
781
61256
396
36306
1025
21
29496
145
403
528
73509
747
943
28
32299
1439
28
154
994
5489
5489
1439
822
673
44065
44065
62
287
166
86
62
69173
2961
59
564
115
35
84661
84661
1451
44886
47272
168
2371
197
2672
2672
228
22
1307
1307
35
43
43
888
888
858
858
8741
31
31
45697
45697
5172
166
3924
5046
675
14827
21
28
1193
239
65239
28
4012
4012
299
299
1048
34438
604
604
67
13860
168
311
164
1594
1070
4401
21258
606
606
24
1198
168
169
1198
692
28
902
1214
168917
651
651
22
397
1032
559
28
561
237
237
489
965
965
24
2147
224
27196
2847
2847
2528
2528
186
403
46
457
99
53
396
1101
26083
527611
35
271
442
34
34
34
943
45
45
196
28
50452
11689
19670
399
562
25834
25834
1880
259
259
224
396
120
23624
34
34
29
156
851
851
1843
30010
30010
21
50
680
680
785
452
452
879
1451
1105
30670
14461
4357
1932
297
25
1340
105
105
15212
122
228
291
778
1236
59
161
30918
65239
63542
63542
128
38
1559
128
285063
94
94
1871
1871
41109
682
520
520
629
629
13564
125
22
92
92
2466
879
1116
399
1479
1479
344
344
306692
18981
18981
52163
7969
616
2586
687
687
22
154
3374
3374
1090
50
21
2691
2691
588
545
480
885
101
885
1430
1430
224
54653
54653
781
781
21082
135
1285
25
35934
53416
53416
124664
124664
986
714
1551
1551
55002
55002
10494
46
321
131788
894
894
974
1036
53
92700
1032
559
608
854
37183
37183
92700
22
22
787
706
126919
331
11689
83837
4382
83837
739
739
1098
1098
874
69173
1932
21
76
20553
204
204
877
877
442
475
475
545
545
932
932
950
950
23545
709
560
2273
2273
874
21
21
