2124
1709
3481
512
175
890
84
657
162
1074
657
2250
2513
118
7256
7256
100
2265
2265
2167
2167
89
1009
4184
4282
1117
175
12300
227
890
488
2529
553
2282
346
630
863
2365
2365
76
76
1108
1108
3071
2879
702
421
1701
264
1701
264
265
272
157
3181
12844
316
25624
316
1533
1458
193
4174
3497
3497
532
641
5158
150
7170
451
310
1579
126
8818
123
739
1608
664
664
89
3069
33
1649
28100
572
574
677
677
912
3231
8313
587
4282
226
572
8313
1418
330
330
1418
442
69
58
6633
567
206
118
960
277
277
1379
870
1026
33
33
2405
996
89
897
1956
1443
1443
462
1858
70
5733
314
1719
15106
884
85
204
314
38
328
3953
294
7252
3039
60
1539
729
342
486
122
24
1867
1165
1165
601
14208
23
261
3465
2277
859
213
1996
157
1844
119
1833
6441
858
858
289
385
2691
1170
1691
994
35
2133
2052
315
315
24813
24813
1619
27
27
27
489
4713
130
130
23
2216
1799
2687
2687
411
411
1235
116
116
20575
8593
1690
1690
45
22
69
69
3602
3602
280
391
574
2545
36070
223
311
2561
5842
224
8404
2561
1632
368
102
356
5593
5593
49
2352
925
459
459
326
268
660
4037
26
572
3513
487
487
29
89
268
890
1842
295
116
2447
1318
235
2556
2556
448
1243
706
6878
107
1862
142
16010
16010
2005
515
33
1587
6250
276
1966
745
44
462
115
2834
12738
462
1131
651
95
458
3756
9156
539
2907
608
608
510
580
1017
5091
592
2773
572
920
47
466
2205
41255
41255
47
505
924
924
308
913
11323
23
1371
213
6113
5333
5333
2180
1670
1670
75
1846
4434
1626
461
1626
83
8593
500
785
935
2977
4081
539
539
1570
3097
508
508
33
705
37
37
340
305
324
203
1932
810
762
810
1932
319
1608
746
325
2789
746
728
4705
4705
18057
300
680
5508
587
241
2984
268
268
4541
2011
1624
242
3090
1284
970
587
358
358
316
31209
634
844
844
13464
16003
22
374
157
615
1954
6706
1066
17515
5584
611
30
411
1436
378
154
1601
1601
689
485
793
2036
230
43
70
70
67
83
71
451
1873
1873
126
1579
1818
1818
140
97
113
1954
992
489
386
818
818
516
516
28
28
2738
43
1362
222
390
1362
479
404
890
3772
203
986
1798
1798
71
3978
503
86
675
4046
3235
133
4046
576
576
595
390
1317
1317
3833
808
808
308
308
1096
785
200
16718
57
30
741
26417
148
43
838
2732
574
2732
460
1252
5953
33
104
6751
6751
6308
171
75
183
3452
456
164
143
531
541
2396
408
213
245
245
700
325
325
1345
2650
2650
2111
6059
90
368
368
787
923
276
276
37
37
499
499
5737
5737
403
242
702
415
415
442
4808
11249
21
967
24
233
2101
9525
15106
1239
1933
485
7395
2548
87
6445
2162
1145
1145
525
525
1057
282
282
3689
106
443
875
687
200
200
486
6161
545
2948
6161
341
25
341
91
25
35
2844
2844
180
1654
66
915
25
915
603
1667
397
8177
927
647
2267
2543
41
41
559
1290
788
4810
8187
2544
679
2277
1249
960
1053
295
295
994
1293
24021
24021
1293
3728
630
2856
666
9454
5547
1606
571
729
190
892
892
61
61
1356
528
402
402
7130
7130
12638
5766
1753
2449
2449
1107
1107
1125
112
2399
203
112
3628
3628
34
2420
360
741
631
631
1702
19408
19408
1198
5623
970
970
759
759
27134
27134
1214
787
4116
380
850
177
1170
1170
271
271
970
838
3009
3009
359
786
3637
479
56
93
93
1310
2937
539
539
127
1652
404
22804
1622
675
423
574
574
689
282
17515
959
959
655
9766
592
261
1487
123
3962
1572
40269
54
1216
2073
222
222
6289
10813
222
519
3545
443
881
27672
27672
257
257
840
840
357
357
47
155
47
2146
300
1194
442
1317
1317
1015
1015
80
267
3567
75
170
9530
438
36
170
50
38
33
5953
84
84
19909
19909
2415
74
11063
2280
894
2543
2267
308
308
207
207
184
778
405
472
472
164
3299
862
528
442
735
756
3780
696
696
541
1151
76
1180
2073
1681
163
889
169
1619
1619
25
146
680
295
25
25
1194
417
26
26
467
478
22
22
39
39
251
1827
647
220
3350
3399
363
2145
684
510
1685
1685
4234
127
1192
3016
539
539
256
363
569
2239
126
684
2145
1616
1616
103
246
85
63
246
632
468
506
81
3698
3698
1457
768
1025
811
211
62
62
283
283
251
1440
312
419
419
967
113
2111
20322
444
1141
20322
854
854
282
5363
27355
11002
5363
4234
563
33500
1070
144
1472
32882
967
849
849
43
43
1515
360
569
12480
12480
14531
957
254
957
34
2257
188
788
862
364
364
2215
2215
991
506
738
1186
13464
5069
195
448
448
1074
6848
300
300
440
440
3527
3911
5844
397
340
5844
3209
2148
572
1579
3246
328
328
1785
3111
3111
6990
21
332
4174
21
4174
1867
374
1719
75
992
1345
2266
475
895
2708
2708
23642
135
135
146
634
2814
1166
196
16540
16540
615
615
1132
1927
1927
92
1132
28
445
247
18057
25194
26948
1030
5931
22
204
1477
1477
552
552
566
81
81
10653
156
173
539
2503
88
61
3738
234
34
371
371
163
33
554
587
2239
468
468
762
762
553
582
64
64
385
360
4037
296
296
612
1281
70265
145
7361
28054
193
565
400
3037
3037
336
336
1016
4043
21
4987
16340
2174
29
435
756
21669
21669
1100
513
513
53
593
3171
323
1132
133
805
239
31209
479
40
445
445
1271
429
1062
2544
805
1145
1842
265
263
1794
263
2423
1794
403
297
72
1445
1445
72
3567
3832
151
2257
481
689
71
71
400
206
22
10813
654
654
6469
850
83
22
6168
323
2146
914
9592
89
1636
3560
44
44
1833
54
54
74
13437
1481
362
272
274
1326
1326
163
870
2805
2805
814
814
7923
7923
897
297
421
1719
2879
85
1745
650
650
2725
838
2725
1575
1277
3188
3188
629
369
369
633
3353
3353
1309
228
593
2163
1990
2741
114
4793
4793
865
4302
1608
3520
3520
850
850
1272
340
3833
1533
314
2977
314
556
516
1430
2249
1430
651
101
3867
527
37
546
33
55
55
33
463
10363
10363
3481
145
4043
2124
117
165
1225
3074
59
59
434
434
186
77
288
1266
411
118
789
789
2369
971
789
2369
1312
1312
8061
10658
10658
1068
308
1193
4541
1220
1193
1220
1952
1096
850
25
25
4434
1649
3582
7672
434
1606
33
886
17385
588
3597
3597
145
1709
2595
545
11204
11204
28
180
64
64
117
1463
4245
382
382
1065
1065
7532
1216
2834
5542
581
581
401
31
360
188
637
637
144
872
681
469
469
69
56
30
30
60
60
920
226
1281
970
61
61
207
400
181
32
32
759
13027
13027
434
3074
595
1203
1317
150
150
1437
7769
550
7052
1667
920
443
647
3689
1066
921
45
603
287
287
3560
3560
914
374
3900
905
500
380
43
1297
2634
1325
143
200
2205
22898
2814
395
278
1096
278
133
96
96
2593
3465
2593
34
34
485
1007
35
17826
937
1892
49
374
80
80
2856
235
132
115
676
35565
500
1742
251
107
107
6984
2752
318
318
63
639
34
71
30
503
257
257
242
594
594
317
317
86
86
6059
11869
90
46
228
718
718
494
8187
494
568
568
3071
572
572
645
268
4288
3974
858
858
52
43
582
12370
12370
4199
624
1671
383
383
63
6289
136
376
2030
1220
1220
40269
285
285
202
7907
7907
2180
239
35
270
270
1077
16958
1922
12007
6441
16958
4194
2352
2216
25
2036
808
768
14255
3206
561
3206
434
546
24
2012
2101
2101
3582
456
1179
271
2135
183
153
43
776
4783
4783
136
636
2507
2507
636
427
681
1226
3287
195
22470
195
1379
1397
34907
34907
5508
3356
323
1958
45
65
65
666
1224
2106
506
506
1164
1164
861
861
926
3445
33
3445
1049
1863
886
645
7052
475
368
368
289
4777
233
233
3560
601
601
1714
1714
3382
4439
788
226
546
823
823
729
2277
424
424
22
1392
241
8807
8807
509
509
12244
78
1933
196
785
23
23
2172
2172
8333
84
986
1473
825
3404
44
506
745
1017
9301
957
23
18750
18750
685
5766
1580
1036
1036
384
384
23
23
146
379
379
2474
2474
1311
1311
1885
1885
423
423
538
538
1624
325
26
359
12217
3021
455
455
5584
27
2166
35093
2166
35093
554
579
17385
117
117
4385
23
23
1013
489
1859
1859
560
5198
5198
1097
1472
557
557
4988
254
254
2282
149
24
24
243
119
119
21
21
28
478
28
5955
5955
505
1942
63
5194
4237
5194
624
624
2242
394
142
216
1374
1374
54
1865
5262
3155
5262
59
3752
1013
816
21
21
2995
2995
2352
2352
92
319
4810
383
63
93
2803
471
1116
1310
22697
22697
1515
676
2368
808
113
3039
473
225
225
2545
107
214
214
6538
402
402
865
1466
1318
1636
367
367
1059
2041
1466
119
119
13913
1523
1523
1283
172
495
1207
248
10627
10627
3862
1246
1533
3217
145
191
1392
2212
378
2324
2324
137
137
675
1060
1489
1489
321
321
7672
7672
201
3217
264
264
127
1614
1614
63
541
541
1641
881
1090
1090
2562
2562
597
597
4303
970
3603
70
70
3603
36
410
510
3911
2399
834
22
1026
53
236
42
25194
1513
253
6656
5879
24147
24147
1321
190
190
126
126
735
1257
1990
862
360
3738
360
1404
1404
1117
1007
4592
28
59
363
59
592
738
1186
239
239
2017
570
2017
8020
5931
3931
3931
44
881
4592
6369
6369
50
3953
1621
463
251
10483
782
1271
782
4830
91
91
1846
143
1062
885
370
319
59
113
4713
43
43
2630
2630
669
669
9592
1197
1197
116
116
7121
38850
98
37
7121
1785
63
128
827
827
26
7157
7157
416
416
231
198
1252
2387
1652
916
203
24
423
2312
6308
146
35
2634
646
228
228
744
1297
92
2860
714
2098
2098
2499
2936
1186
2031
2936
1186
27
31
22
1313
1313
12183
12183
756
276
191
35
82
82
3871
3871
4136
27
11666
271
584
97
11666
292
292
1272
772
2737
2737
825
639
61
179
30896
1252
203
2945
195
31
142
2117
295
1517
59
23
4363
53
660
660
468
468
31
16720
6826
6826
729
30
2387
93
283
1026
1026
7988
7988
10057
10057
1153
186
1153
94
186
120
120
1774
327
327
