1709
1980
233
890
387
118
40
1357
100
2254
37
2246
329
1148
379
213
310
365
1194
2277
725
887
76
848
139296
702
560
91
5743
316
220
2697
26
450
34
23
738
141
229
7464
690
607
7302
912
227
100
510
547
91
6193
933
567
1687
492
71
1022
43
846
91
1781
8866
369
884
80
272
25
149
13973
40
259
553
1269
1539
22
554
1569
1680
613
38
1312
858
289
189
1216
1524
924
3050
2691
415
3687
908
116
1844
1799
16401
19213
1522
790
36070
485
1708
52
304
252
15978
4035
689
629
217
1072
2036
506
6880
275
1524
1124
879
2746
456
115
2119
622
354
3306
21
868
36
24
2753
463
1267
832
505
907
4293
629
370
129
60
6253
4859
3376
1914
804
111
27
3381
179
167
810
760
1005
325
2789
4705
1850
57
2984
729
49
54
2011
200
143
2152
3077
42
1164
1353
256
4027
611
172
8723
837
479
423
1610
1986
4999
396
894
140
381
127
818
1892
509
799
261
51
978
242
3704
848
5107
866
91
163
46
120
1913
4490
652
786
55
104
565
440
358
542
1246
405
91
349
1565
486
603
136
25
447
2343
51
63
6612
8859
5710
298
791
112
156
451
191
22
123
67
1145
6297
11873
111
610
330
2350
1456
71
492
1063
321
757
2022
122
1378
277
167
69
254
456
2506
44
477
670
491
737
108
163
30
1702
250
26408
385
2985
574
1044
1901
124
267
318
1034
794
525
5247
126
25
1080
404
22805
510
133
413
210
241
329
1919
4108
1390
2231
3960
387
2824
139
727
160
792
222
28
488
818
10813
489
90
257
353
155
520
231
176
160
914
1186
2134
80
893
438
927
363
354
258
2412
2025
891
789
379
1180
41
2686
720
869
2974
1025
3352
295
92
1393
644
33
243
275
892
1841
525
6385
3399
126
461
85
278
293
81
62
208
109
283
1687
83
4537
780
885
330
26703
42
1006
249
1467
32370
487
25
849
522
254
976
2215
782
435
556
567
738
575
301
78
3209
108
966
144
6458
401
552
975
74
154
1322
196
905
441
211
555
55
100
1243
142
3000
116
4971
519
63
88
3025
586
468
1001
672
360
605
1282
70149
690
1265
383
233
2800
3018
707
293
52
77
1685
29
370
816
601
844
65
81
1445
671
37
1785
240
384
3567
571
3620
5477
52
22
30
79
145
3288
44
74
87
13437
151
411
682
340
274
560
1106
395
23
106
1153
21
369
31
104
3900
20936
466
766
23
3988
719
1272
2009
314
406
474
1473
804
3864
690
380
580
73
47
33
242
142
2136
1612
117
789
2072
1168
236
259
35
1916
1189
112
488
767
40
802
134
163
78
11204
28
180
8865
64
1074
1473
3505
1921
6607
818
340
3235
40
227
300
3943
28347
981
920
96
226
1281
61
1284
1579
293
709
12697
469
3251
302
887
1436
423
25
40
259
1346
69
4282
267
925
17000
536
789
287
555
4198
680
27
757
1039
31554
1997
2473
5353
9842
919
658
709
132
392
7089
375
71
148
787
86
2460
460
25
494
244
3655
1469
572
359
720
10736
315
621
383
200
80
42224
60
442
7189
90
10724
786
1608
73
9513
927
123
22
878
434
1373
126
167
5867
58
90
636
1226
37
120
22387
7265
3356
379
2106
231
240
45
21
370
8818
3096
1385
1286
523
928
424
1399
509
174
22
584
41
84
6954
606
1473
430
198
177
139
556
786
171
18718
573
35
45
253
365
694
170
322
953
6766
1594
366
371
25
2058
1501
117
1397
233
5028
956
3531
47
2352
1661
149
1129
438
21
478
1192
337
93
79
33
691
3649
40
31
21
1530
65
102
736
1767
1193
231
799
23
363
63
118
560
121
2107
1963
459
57
577
346
514
130
233
169
285
1318
83
1252
1716
25
615
486
202
2394
636
346
14282
5957
1321
46
99
831
81
143
438
82
926
24
315
3603
510
413
540
42
6583
2598
63
43
756
141
260
1257
1089
988
100
2017
3015
674
261
770
75
782
105
2377
1062
1108
25827
924
3828
23215
9285
14413
63
827
612
1049
397
2871
54
1060
46466
41
6100
57
675
64
990
156
1186
97
276
276
285
485
507
271
34
1568
535
157
104
1057
228
408
748
1434
474
659
832
59
76
334
1621
604
1139
508
24
43
684
346
569
66
